Final count: 8224428739017
0: [0, 0, 0, 0, 0, 0, 0, 0, 0, 0, 0, 0]
33: [0, 0, 1, 1, 1, 4, 5, 2, 6, 3, 6, 4]
142639: [0, 0, 5, 31, 208, 867, 3480, 7461, 19305, 34597, 47254, 29431]
172419811: [0, 0, 21814, 82908, 364907, 1715858, 6270014, 11629611, 22575063, 42631005, 56577966, 30550665]
34961191942: [0, 0, 16227864, 43916370, 125332741, 593697238, 1877937355, 3306832683, 4669949342, 8918886614, 10001554299, 5406857436]
1201284017004: [0, 0, 2180005368, 4095903028, 7743204451, 38547961705, 105196335868, 148309937624, 149929160748, 298246691281, 315120741311, 131914075620]
5376938166059: [0, 0, 37551383277, 71929710240, 79193548505, 387991095716, 902003110773, 911947326938, 556373221806, 1109031744665, 1000966704993, 319950319146]
1589043169909: [0, 0, 58967600731, 76403425376, 44020481959, 220437414963, 417357541123, 284387766690, 98411049233, 198346567314, 154684128479, 36027194041]
22020354875: [0, 0, 3876184141, 3594258454, 762050314, 3939210091, 5524367150, 2461513141, 420257694, 838557793, 517059368, 86896729]
9276745: [0, 0, 5895556, 2156290, 93430, 486778, 506732, 113380, 5689, 12659, 5787, 444]
   1   2   3   4   5   6   7   8   9  10  11  12
   1   3   4   5   2   6   7   9   8  11  10  12
   1   4   6   8   2   3  10  11   5   7   9  12
   1   5   2  10   3   7   8  12   4   6   9  11
   1   6   5  11   2   7   8  10   3  12   4   9
   1   7   3  11   2   8   5  12   4  10   6   9
   1   8   2   9   3   5   6  10   4  11   7  12
   1   9   7  10   2   5   4  12   3   8   6  11
   1  10   6  12   2   4   7  11   3   9   5   8
   1  11   8   9   2  12   3   6   4   7   5  10
Partner counts:
   0   1   1   1   1   1   1   1   1   1   1   0
   1   0   1   1   1   1   1   1   1   1   0   1
   1   1   0   1   1   1   1   1   1   0   1   1
   1   1   1   0   1   1   1   0   1   1   1   1
   1   1   1   1   0   1   1   1   0   1   1   1
   1   1   1   1   1   0   0   1   1   1   1   1
   1   1   1   1   1   0   0   1   1   1   1   1
   1   1   1   0   1   1   1   0   1   1   1   1
   1   1   1   1   0   1   1   1   0   1   1   1
   1   1   0   1   1   1   1   1   1   0   1   1
   1   0   1   1   1   1   1   1   1   1   0   1
   0   1   1   1   1   1   1   1   1   1   1   0
Opponent counts:
   0   2   2   2   2   2   1   2   2   2   2   1
   2   0   2   2   2   1   2   2   1   2   2   2
   2   2   0   2   2   2   1   2   1   2   2   2
   2   2   2   0   2   2   2   1   2   1   2   2
   2   2   2   2   0   2   2   2   2   2   0   2
   2   1   2   2   2   0   2   2   2   2   2   1
   1   2   1   2   2   2   0   2   2   2   2   2
   2   2   2   1   2   2   2   0   2   1   2   2
   2   1   1   2   2   2   2   2   0   2   2   2
   2   2   2   1   2   2   2   1   2   0   2   2
   2   2   2   2   0   2   2   2   2   2   0   2
   1   2   2   2   2   1   2   2   2   2   2   0

real    962m31.721s
user    959m22.635s
sys     0m0.169s